% Gain solution difference between files ../full_conv_newconst/SB002_LBA_OUTER_SPREAD_1ch_1_convcalsol.bin and SB002_LBA_OUTER_SPREAD_1ch_1_trackcalsol.bin.
% Generated by cmpcalsol.m at 27-Jan-2014 21:03:52.
% Time (MJDSec) fluxdiff phaseerr
4848774163.589545 0.092789
4848774164.596178 0.047670
4848774165.602811 0.049368
4848774166.609445 0.118004
4848774167.616077 0.161333
4848774168.622710 0.140437
4848774169.629343 0.163785
4848774170.635976 0.048458
4848774171.642609 0.094577
4848774172.649242 0.096675
4848774173.655875 0.094337
4848774174.662508 0.162810
4848774175.669141 0.144064
4848774176.675774 0.166712
4848774177.682406 0.257419
4848774178.689040 0.212710
4848774179.695673 0.237805
4848774180.702306 0.325053
4848774181.708939 0.323966
4848774182.715571 0.190159
4848774183.722204 0.189938
4848774184.728838 0.233231
4848774185.735471 0.144089
4848774186.742104 0.233694
4848774187.748736 0.169407
4848774188.755369 0.257462
4848774189.762002 0.146815
4848774190.768636 0.233510
4848774191.775269 0.186522
4848774192.781901 0.187517
4848774193.788534 0.119304
4848774194.795167 0.192150
4848774195.801800 0.211991
4848774196.808433 0.236586
4848774199.828332 0.215097
4848774200.834965 0.188826
4848774201.841598 0.303217
4848774202.848230 0.196549
4848774203.854864 0.284443
4848774204.861497 0.111037
4848774205.868130 0.506589
4848774206.874763 0.266488
4848774207.881395 0.437860
4848774208.888028 0.417976
4848774209.894662 0.197114
4848774210.901295 0.287914
4848774211.907928 0.264032
4848774212.914560 0.397156
4848774213.921193 0.180326
4848774214.927826 0.509604
4848774215.934460 0.509900
4848774216.941092 0.294241
4848774217.947725 0.249694
4848774218.954358 0.292335
4848774219.960991 0.488359
4848774220.967624 0.226846
4848774221.974257 0.465329
4848774222.980890 0.228498
4848774223.987523 0.379896
4848774224.994156 0.270844
4848774226.000789 0.317753
4848774227.007421 0.289003
4848774228.014055 0.205481
4848774229.020688 0.332718
4848774230.027321 0.289930
4848774231.033954 0.268035
4848774232.040586 0.330523
4848774233.047219 0.088867
4848774234.053853 0.326816
4848774235.060486 0.155424
4848774236.067119 0.308699
4848774237.073751 0.132658
4848774238.080384 0.241871
4848774239.087017 0.156052
4848774240.093650 0.156466
4848774241.100284 0.268422
4848774242.106916 0.197437
4848774243.113549 0.215883
4848774244.120182 0.303144
4848774245.126815 0.215358
4848774246.133448 0.192616
4848774247.140081 0.168462
4848774248.146714 0.058492
4848774249.153347 0.098378
4848774250.159980 0.119437
4848774251.166613 0.077764
4848774252.173245 0.076295
4848774253.179879 0.121463
4848774254.186512 0.080878
4848774255.193145 0.036133
4848774256.199778 0.232068
4848774257.206410 0.257180
4848774258.213043 0.188321
4848774259.219677 0.011802
4848774260.226310 0.011334
4848774261.232943 0.033777
4848774262.239575 0.033835
4848774263.246208 0.187884
4848774264.252841 0.122882
4848774265.259475 0.098095
4848774266.266108 0.055923
4848774267.272740 0.146093
4848774268.279373 0.105993
4848774269.286006 0.149871
4848774270.292639 0.259548
4848774271.299273 0.213773
4848774272.305905 0.190522
4848774273.312538 0.254440
4848774274.319171 0.145742
4848774275.325804 0.147215
4848774276.332437 0.191482
4848774277.339069 0.212446
4848774278.345703 0.213257
4848774279.352336 0.215431
4848774280.358969 0.234730
4848774281.365602 0.212050
4848774282.372234 0.210328
4848774283.378867 0.053655
4848774284.385501 0.186733
4848774285.392134 0.056043
4848774286.398767 0.033438
4848774287.405399 0.051833
4848774288.412032 0.035090
4848774289.418665 0.035003
4848774290.425299 0.013896
4848774291.431931 0.059851
4848774293.445197 0.058553
4848774294.451830 0.060801
4848774295.458463 0.107362
4848774296.465096 0.172988
4848774297.471729 0.040985
4848774298.478362 0.150779
4848774299.484995 0.129563
4848774300.491628 0.085520
4848774301.498260 0.080410
4848774302.504894 0.108140
4848774303.511527 0.065325
4848774304.518160 0.331141
4848774305.524793 0.351191
4848774306.531425 0.242514
4848774307.538058 0.285573
4848774308.544692 0.307283
4848774309.551325 0.174142
4848774310.557958 0.111437
4848774311.564590 0.175481
4848774312.571223 0.220482
4848774313.577856 0.128635
4848774314.584490 0.220334
4848774315.591123 0.216757
4848774316.597755 0.102843
4848774317.604388 0.281184
4848774318.611021 0.144844
4848774319.617654 0.080786
4848774320.624287 0.232858
4848774321.630920 0.101566
4848774322.637553 0.127401
4848774323.644186 0.125819
4848774324.650819 0.216260
4848774325.657452 0.172982
4848774326.664084 0.176513
4848774327.670718 0.285955
4848774328.677351 0.261291
4848774329.683984 0.236936
4848774330.690617 0.128176
4848774331.697249 0.236730
4848774332.703882 0.263162
4848774333.710516 0.238787
4848774334.717149 0.239983
4848774335.723782 0.155015
4848774336.730414 0.244491
4848774337.737047 0.225401
4848774338.743680 0.314619
4848774339.750314 0.421598
4848774340.756947 0.339660
4848774341.763579 0.338127
4848774342.770212 0.295358
4848774343.776845 0.204013
4848774344.783478 0.422141
4848774345.790112 0.251897
4848774346.796744 0.294363
4848774347.803377 0.335875
4848774348.810010 0.466679
4848774351.829909 0.375508
4848774352.836542 0.370783
4848774353.843175 0.263589
4848774354.849808 0.284370
4848774355.856441 0.283614
4848774356.863073 0.304674
4848774357.869707 0.214931
4848774358.876340 0.193894
4848774359.882973 0.238767
4848774360.889606 0.281300
4848774361.896238 0.191667
4848774362.902871 0.120670
4848774363.909504 0.077705
4848774364.916138 0.053020
4848774365.922771 0.011637
4848774366.929403 0.187038
4848774367.936036 0.055093
4848774368.942669 0.120957
4848774369.949302 0.049042
4848774370.955935 0.117367
4848774371.962568 0.050555
4848774372.969201 0.116115
4848774373.975834 0.096259
4848774374.982467 0.008561
4848774375.989100 0.078489
4848774376.995733 0.103961
4848774378.002366 0.013076
4848774379.008999 0.124169
4848774380.015632 0.169048
4848774381.022264 0.014597
4848774382.028897 0.055941
4848774383.035531 0.100806
4848774384.042164 0.079278
4848774385.048797 0.057286
4848774386.055429 0.125342
4848774387.062062 0.079561
4848774388.068695 0.013424
4848774389.075329 0.190621
4848774390.081962 0.009270
4848774391.088594 0.100504
4848774392.095227 0.054487
4848774393.101860 0.053566
4848774394.108493 0.033969
4848774395.115127 0.145621
4848774396.121759 0.100193
4848774397.128392 0.143125
4848774398.135025 0.168093
4848774399.141658 0.213716
4848774400.148291 0.079308
4848774402.161557 0.059652
4848774403.168190 0.078006
4848774404.174823 0.166947
4848774405.181456 0.120620
4848774406.188088 0.142809
4848774407.194721 0.079419
4848774408.201355 0.099700
4848774409.207988 0.146015
4848774410.214621 0.191742
4848774411.221253 0.393569
4848774412.227886 0.326535
4848774413.234519 0.322919
4848774414.241153 0.325956
4848774415.247786 0.345803
4848774416.254418 0.438837
4848774417.261051 0.479992
4848774418.267684 0.286938
4848774419.274317 0.355004
4848774420.280951 0.506451
4848774421.287583 0.463554
4848774422.294216 0.353359
4848774423.300849 0.373273
4848774424.307482 0.330953
4848774425.314115 0.417348
4848774426.320748 0.352706
4848774427.327381 0.334205
4848774428.334014 0.506262
4848774429.340647 0.378437
4848774430.347280 0.445823
4848774431.353912 0.471288
4848774432.360546 0.359869
4848774433.367179 0.555964
4848774434.373812 0.468638
4848774435.380445 0.537626
4848774436.387077 0.540718
4848774437.393710 0.496616
4848774438.400344 0.477361
4848774439.406977 0.500555
4848774440.413610 0.669720
4848774441.420242 0.348041
4848774442.426875 0.563670
4848774443.433508 0.516146
4848774444.440141 0.540111
4848774445.446774 0.562262
4848774446.453407 0.714363
4848774447.460040 0.411157
4848774448.466673 0.479811
4848774449.473306 0.460786
4848774450.479939 0.353015
4848774451.486572 0.442730
4848774452.493205 0.697805
4848774453.499838 0.589506
4848774454.506471 0.590074
4848774455.513103 0.739336
4848774456.519736 0.741713
4848774457.526370 0.677895
4848774458.533003 0.633716
4848774459.539636 0.572421
4848774460.546268 0.593967
4848774461.552901 0.446800
4848774462.559534 0.699087
4848774463.566168 0.316327
4848774464.572801 0.529888
4848774465.579433 0.430365
4848774466.586066 0.278837
4848774467.592699 0.726437
4848774469.605966 0.384505
4848774472.625864 0.190668
4848774473.632497 0.236585
4848774474.639130 0.407378
4848774475.645763 0.171510
4848774476.652396 0.193032
4848774477.659029 0.484391
4848774478.665662 0.249254
4848774479.672295 0.331261
4848774480.678927 0.279132
4848774481.685561 0.305195
4848774482.692194 0.302258
4848774483.698827 0.258080
4848774484.705460 0.256671
4848774485.712092 0.147614
4848774487.725358 0.121452
4848774488.731992 0.229646
4848774489.738625 0.164812
4848774490.745257 0.251236
4848774491.751890 0.229981
4848774492.758523 0.165228
4848774493.765156 0.208139
4848774494.771790 0.256145
4848774495.778422 0.296738
4848774496.785055 0.383477
4848774497.791688 0.472711
4848774498.798321 0.383008
4848774499.804954 0.466536
4848774500.811587 0.354785
4848774501.818220 0.331368
4848774502.824853 0.354459
4848774503.831486 0.350953
4848774504.838119 0.239133
4848774505.844751 0.348901
4848774506.851385 0.278552
4848774507.858018 0.188975
4848774508.864651 0.277111
4848774509.871284 0.281770
4848774510.877916 0.350840
4848774511.884549 0.373994
4848774512.891183 0.463285
4848774513.897816 0.551550
4848774514.904449 0.505982
4848774515.911081 0.529635
4848774516.917714 0.379600
4848774517.924347 0.398287
4848774518.930981 0.291072
4848774519.937613 0.490114
4848774520.944246 0.488320
4848774521.950879 0.599995
4848774522.957512 0.621323
4848774523.964145 0.557322
4848774524.970778 0.667372
4848774525.977411 0.751527
4848774526.984044 0.690187
4848774527.990677 0.605359
4848774528.997310 0.415205
4848774532.017209 0.655939
4848774533.023842 0.676065
4848774534.030475 0.610238
4848774535.037107 0.528302
4848774536.043740 0.484898
4848774537.050373 0.636864
4848774538.057007 0.741079
4848774539.063640 0.482854
4848774540.070272 0.568572
4848774541.076905 0.658512
4848774542.083538 0.469339
4848774543.090171 0.510066
4848774544.096805 0.641413
4848774545.103437 0.531902
4848774546.110070 0.533064
4848774547.116703 0.465899
4848774548.123336 0.376922
4848774549.129969 0.275870
4848774550.136602 0.335262
4848774551.143235 0.363023
4848774552.149868 0.276127
4848774553.156501 0.252840
4848774554.163134 0.253460
4848774555.169766 0.275298
4848774556.176400 0.399505
4848774557.183033 0.183360
4848774558.189666 0.208493
4848774559.196299 0.144451
4848774560.202931 0.335391
4848774561.209564 0.269136
4848774562.216198 0.262402
4848774563.222831 0.300145
4848774564.229464 0.404593
4848774565.236096 0.245772
4848774566.242729 0.177841
4848774567.249362 0.178507
4848774568.255996 0.152407
4848774569.262629 0.259356
4848774570.269261 0.192171
4848774571.275894 0.238099
4848774572.282527 0.098632
4848774573.289160 0.075725
4848774574.295793 0.095568
4848774575.302426 0.073803
4848774576.309059 0.099935
4848774577.315692 0.169112
4848774578.322325 0.210870
4848774579.328958 0.164366
4848774580.335590 0.050537
4848774581.342224 0.096014
4848774582.348857 0.075535
4848774583.355490 0.009429
4848774584.362123 0.053630
4848774585.368755 0.051977
4848774586.375388 0.138150
4848774587.382022 0.094383
4848774588.388655 0.187828
4848774589.395288 0.053212
4848774590.401920 0.054455
4848774593.421820 0.029411
4848774594.428452 0.033302
4848774595.435085 0.076609
4848774596.441718 0.008369
4848774597.448351 0.094841
4848774598.454984 0.030685
4848774599.461617 0.008925
4848774600.468250 0.033949
4848774601.474883 0.055504
4848774602.481516 0.083254
4848774603.488149 0.035593
4848774604.494781 0.033237
4848774605.501415 0.082321
4848774606.508048 0.013275
4848774607.514681 0.015733
4848774608.521314 0.060043
4848774609.527946 0.033778
4848774610.534579 0.016134
4848774611.541213 0.149128
4848774612.547846 0.149414
4848774613.554479 0.170379
4848774614.561111 0.131345
4848774615.567744 0.170580
4848774616.574377 0.238451
4848774617.581010 0.149857
4848774618.587644 0.177287
4848774619.594276 0.195844
4848774620.600909 0.311445
4848774621.607542 0.351741
4848774622.614175 0.262859
4848774623.620808 0.174204
4848774624.627441 0.151207
4848774625.634074 0.104947
4848774626.640707 0.062731
4848774627.647340 0.127041
4848774628.653973 0.106001
4848774629.660605 0.127841
4848774630.667239 0.173624
4848774631.673872 0.151526
4848774632.680505 0.218087
4848774633.687138 0.061335
4848774634.693770 0.035505
4848774635.700403 0.082553
4848774636.707037 0.105403
4848774637.713670 0.167791
4848774638.720303 0.078815
4848774639.726935 0.079208
4848774640.733568 0.082858
4848774641.740201 0.036581
4848774642.746835 0.036686
4848774643.753468 0.151096
4848774644.760100 0.125726
4848774645.766733 0.128420
4848774646.773366 0.108083
4848774647.779999 0.284126
4848774648.786633 0.158577
4848774649.793265 0.202994
4848774650.799898 0.357092
4848774651.806531 0.421642
4848774652.813164 0.315497
4848774653.819797 0.311571
4848774654.826429 0.378233
4848774655.833063 0.206407
4848774656.839696 0.311149
4848774657.846329 0.223628
4848774658.852962 0.335031
4848774659.859594 0.200317
4848774660.866227 0.264645
4848774661.872861 0.154238
4848774662.879494 0.106615
4848774663.886127 0.061829
4848774664.892759 0.197606
4848774665.899392 0.128612
4848774666.906025 0.110541
4848774667.912659 0.220054
4848774668.919291 0.290411
4848774669.925924 0.093448
4848774670.932557 0.138883
4848774671.939190 0.227635
4848774672.945823 0.228498
4848774673.952456 0.314899
4848774674.959089 0.314450
4848774675.965722 0.269384
4848774676.972355 0.332136
4848774677.978988 0.246962
4848774680.998887 0.488937
4848774682.005520 0.359254
4848774683.012153 0.513127
4848774684.018785 0.425712
4848774685.025418 0.513991
4848774686.032052 0.491770
4848774687.038685 0.424197
4848774688.045318 0.339812
4848774689.051950 0.620722
4848774690.058583 0.537306
4848774691.065216 0.580483
4848774692.071850 0.515105
4848774693.078483 0.581638
4848774694.085115 0.581503
4848774695.091748 0.626736
4848774696.098381 0.489287
4848774697.105014 0.513770
4848774698.111647 0.557151
4848774699.118280 0.447328
4848774700.124913 0.600095
4848774701.131546 0.559641
4848774702.138179 0.492375
4848774703.144812 0.491402
4848774704.151444 0.358322
4848774705.158078 0.492996
4848774706.164711 0.426563
4848774707.171344 0.254750
4848774708.177977 0.426673
4848774709.184609 0.493515
4848774710.191242 0.318682
4848774712.204509 0.537952
4848774713.211142 0.367010
4848774714.217774 0.519341
4848774715.224407 0.540124
4848774716.231040 0.458769
4848774717.237674 0.604473
4848774718.244307 0.431939
4848774719.250939 0.542216
4848774720.257572 0.219919
4848774721.264205 0.326135
4848774722.270838 0.476481
4848774723.277472 0.258954
4848774724.284104 0.240217
4848774725.290737 0.307288
4848774726.297370 0.283265
4848774727.304003 0.349207
4848774728.310636 0.304655
4848774729.317269 0.241543
4848774730.323902 0.365349
4848774731.330535 0.475585
4848774732.337168 0.578582
4848774733.343801 0.208952
4848774734.350433 0.341180
4848774735.357067 0.268447
4848774736.363700 0.226578
4848774737.370333 0.400406
4848774738.376966 0.228536
4848774739.383598 0.232262
4848774740.390231 0.316636
4848774741.396864 0.186673
4848774742.403498 0.337419
4848774743.410131 0.342210
4848774744.416763 0.365199
4848774745.423396 0.407702
4848774746.430029 0.279798
4848774747.436662 0.602079
4848774748.443295 0.538693
4848774749.449928 0.342143
4848774750.456561 0.405411
4848774751.463194 0.426533
4848774752.469827 0.407861
4848774753.476460 0.272484
4848774754.483093 0.318525
4848774755.489726 0.430100
4848774756.496359 0.447972
4848774757.502992 0.468427
4848774758.509624 0.472299
4848774759.516257 0.275745
4848774760.522891 0.298994
4848774761.529524 0.299953
4848774762.536157 0.365558
4848774763.542789 0.517718
4848774764.549422 0.519663
4848774765.556055 0.625893
4848774766.562689 0.561819
4848774767.569322 0.647624
4848774768.575954 0.367577
4848774769.582587 0.499580
4848774770.589220 0.693613
4848774771.595853 0.568627
4848774772.602487 0.521915
4848774773.609119 0.395926
4848774774.615752 0.350341
4848774775.622385 0.350471
4848774776.629018 0.412828
4848774777.635651 0.562236
4848774778.642284 0.430920
4848774779.648917 0.322027
4848774780.655550 0.381631
4848774781.662183 0.313806
4848774782.668816 0.222651
4848774783.675448 0.153316
4848774784.682081 0.237454
4848774785.688715 0.169332
4848774786.695348 0.035980
4848774787.701981 0.008394
4848774788.708613 0.008161
4848774789.715246 0.054650
4848774790.721879 0.012246
4848774791.728513 0.054485
4848774792.735146 0.055239
4848774793.741778 0.032818
4848774794.748411 0.056539
4848774795.755044 0.008736
4848774796.761677 0.055085
4848774797.768311 0.013507
4848774798.774943 0.103060
4848774799.781576 0.168434
4848774800.788209 0.038115
4848774801.794842 0.102414
4848774802.801475 0.062256
4848774803.808108 0.170934
4848774804.814741 0.106884
4848774805.821374 0.241332
4848774806.828007 0.287863
4848774807.834640 0.291793
4848774808.841272 0.289387
4848774809.847906 0.311909
4848774810.854539 0.334880
4848774811.861172 0.157581
4848774812.867805 0.197245
4848774813.874437 0.197844
4848774814.881070 0.199836
4848774815.887704 0.107982
4848774816.894337 0.108006
4848774817.900970 0.148483
4848774818.907602 0.083287
4848774819.914235 0.127102
4848774820.920868 0.037881
4848774821.927501 0.081040
4848774822.934134 0.015385
4848774823.940767 0.169054
4848774824.947400 0.079446
4848774825.954033 0.036948
4848774826.960666 0.083985
4848774827.967299 0.080280
4848774828.973932 0.082899
4848774829.980565 0.062249
4848774830.987198 0.000001
4848774831.993831 0.025612
4848774833.000463 0.004260
4848774836.020363 0.073556
4848774837.026996 0.206777
4848774838.033628 0.161781
4848774839.040261 0.096639
4848774841.053528 0.212247
4848774842.060161 0.145880
4848774843.066793 0.304218
4848774844.073426 0.216903
4848774845.080059 0.371920
4848774846.086692 0.330264
4848774847.093326 0.242064
4848774848.099958 0.395630
4848774849.106591 0.399588
4848774850.113224 0.444107
4848774851.119857 0.487220
4848774852.126490 0.443094
4848774853.133123 0.439819
4848774854.139756 0.221593
4848774855.146389 0.173739
4848774856.153022 0.392998
4848774857.159655 0.219021
4848774858.166287 0.441658
4848774859.172921 0.418326
4848774860.179554 0.307663
4848774861.186187 0.344191
4848774862.192820 0.000001
4848774863.199452 0.002926
4848774864.206085 0.050894
4848774865.212718 0.073887
4848774866.219352 0.143454
4848774867.225985 0.165124
4848774868.232617 0.209820
4848774869.239250 0.163546
4848774870.245883 0.145390
4848774871.252516 0.164718
4848774872.259150 0.274740
4848774873.265782 0.167433
4848774874.272415 0.166207
4848774875.279048 0.233340
4848774876.285681 0.253821
4848774877.292314 0.122065
4848774878.298947 0.146744
4848774879.305580 0.213719
4848774880.312213 0.234990
4848774881.318846 0.194946
4848774882.325479 0.302875
4848774883.332111 0.325935
4848774884.338745 0.193839
4848774885.345378 0.329116
4848774888.365276 0.167297
4848774889.371909 0.327032
4848774890.378543 0.306435
4848774891.385176 0.282524
4848774892.391809 0.281740
4848774893.398441 0.279914
4848774894.405074 0.437925
4848774895.411707 0.350824
4848774896.418341 0.285094
4848774897.424973 0.331707
4848774898.431606 0.507181
4848774899.438239 0.419207
4848774900.444872 0.463365
4848774901.451505 0.465676
4848774902.458138 0.464712
4848774903.464771 0.532812
4848774904.471404 0.510552
4848774905.478037 0.512289
4848774906.484670 0.487859
4848774907.491302 0.423803
4848774908.497935 0.404481
4848774909.504569 0.316510
4848774910.511202 0.601606
4848774911.517835 0.448459
4848774912.524467 0.489652
4848774913.531100 0.513046
4848774914.537733 0.254412
4848774915.544367 0.580282
4848774916.551000 0.509026
4848774917.557632 0.535053
4848774918.564265 0.559481
4848774919.570898 0.513794
4848774920.577531 0.494167
4848774921.584165 0.494215
4848774922.590797 0.364644
4848774923.597430 0.257531
4848774924.604063 0.277381
4848774925.610696 0.406947
4848774926.617329 0.426455
4848774927.623962 0.558328
4848774928.630595 0.367640
4848774929.637228 0.409914
4848774930.643861 0.308030
4848774931.650494 0.479257
4848774932.657126 0.629179
4848774933.663760 0.605860
4848774934.670393 0.458378
4848774935.677026 0.437346
4848774936.683659 0.438969
4848774937.690291 0.521370
4848774938.696924 0.284399
4848774939.703558 0.519917
4848774940.710191 0.415062
4848774941.716824 0.582242
4848774942.723456 0.666976
4848774943.730089 0.363373
4848774944.736722 0.473118
4848774945.743356 0.513368
4848774946.749989 0.471087
4848774947.756621 0.234194
4848774948.763254 0.407235
4848774949.769887 0.518463
4848774950.776520 0.473447
4848774951.783153 0.581217
4848774952.789786 0.540203
4848774953.796419 0.644655
4848774954.803052 0.300330
4848774955.809685 0.538678
4848774956.816318 0.584751
4848774957.822950 0.627285
4848774958.829584 0.627178
4848774959.836217 0.563910
4848774960.842850 0.627832
4848774961.849483 0.669117
4848774962.856115 0.737005
4848774963.862748 0.626946
4848774964.869382 0.625490
4848774965.876015 0.540589
4848774966.882648 0.626347
4848774967.889280 0.647790
4848774968.895913 0.561447
4848774969.902546 0.582224
4848774970.909180 0.538016
4848774971.915812 0.539790
4848774972.922445 0.578180
4848774973.929078 0.557620
4848774974.935711 0.445842
4848774975.942344 0.338279
4848774976.948977 0.360670
4848774977.955610 0.491169
4848774978.962243 0.451574
4848774981.982141 0.648053
4848774982.988775 0.560765
4848774983.995408 0.561033
4848774985.002041 0.585103
4848774986.008674 0.627820
4848774987.015306 0.630277
4848774989.028572 0.672732
4848774990.035206 0.348063
4848774991.041839 0.413221
4848774992.048471 0.542658
4848774993.055104 0.586083
4848774994.061737 0.537626
4848774995.068370 0.542024
4848774996.075004 0.562296
4848774997.081636 0.428697
4848774998.088269 0.344042
4848774999.094902 0.539263
4848775000.101535 0.477398
4848775001.108168 0.536892
4848775002.114801 0.498269
4848775003.121434 0.540849
4848775004.128067 0.585615
4848775005.134700 0.651307
4848775006.141333 0.627385
4848775007.147965 0.584175
4848775008.154599 0.538991
4848775009.161232 0.560343
4848775010.167865 0.543348
4848775011.174498 0.539672
4848775012.181130 0.542352
4848775013.187763 0.626110
4848775014.194397 0.627256
4848775015.201030 0.565585
4848775016.207663 0.604417
4848775017.214295 0.629366
4848775018.220928 0.714787
4848775019.227561 0.736117
4848775020.234195 0.740451
4848775021.240828 0.715010
4848775022.247460 0.716992
4848775023.254093 0.633610
4848775024.260726 0.741660
4848775025.267359 0.738551
4848775026.273993 0.782458
4848775027.280625 0.698753
4848775028.287258 0.850269
4848775029.293891 0.762632
4848775030.300524 0.715828
4848775031.307157 0.672417
4848775032.313789 0.568366
4848775033.320423 0.636581
4848775034.327056 0.829024
4848775035.333689 0.697244
4848775036.340322 0.676563
4848775037.346954 0.716790
4848775038.353587 0.633959
4848775039.360221 0.759468
4848775040.366854 0.779131
4848775041.373487 0.650407
4848775042.380119 0.760872
4848775043.386752 0.609827
4848775044.393385 0.567015
4848775045.400019 0.694811
4848775046.406651 0.677290
4848775047.413284 0.632783
4848775048.419917 0.763327
4848775049.426550 0.742454
4848775050.433183 0.463729
4848775051.439816 0.615245
4848775052.446449 0.439081
4848775053.453082 0.465689
4848775054.459715 0.720662
4848775055.466348 0.443422
4848775056.472980 0.717559
4848775057.479614 0.676771
4848775058.486247 0.719009
4848775059.492880 0.697551
4848775060.499513 0.546725
4848775061.506145 0.675917
4848775062.512778 0.784459
4848775063.519412 0.611736
4848775064.526045 0.656721
4848775065.532678 0.673296
4848775066.539310 0.696784
4848775067.545943 0.693583
4848775068.552576 0.673082
4848775069.559210 0.675121
4848775070.565843 0.610951
4848775071.572475 0.568165
4848775072.579108 0.458431
4848775073.585741 0.699683
4848775074.592374 0.438091
4848775075.599007 0.717793
4848775076.605640 0.652859
4848775077.612273 0.609822
4848775078.618906 0.763581
4848775079.625539 0.676111
4848775080.632172 0.699563
4848775081.638804 0.549158
4848775082.645438 0.721560
4848775083.652071 0.700674
4848775084.658704 0.721459
4848775085.665337 0.680328
4848775086.671969 0.785523
4848775087.678602 0.704036
4848775088.685236 0.678798
4848775089.691869 0.809800
4848775090.698502 0.747423
4848775091.705134 0.787556
4848775092.711767 0.767300
4848775093.718400 0.787990
4848775094.725034 0.831615
4848775095.731667 0.812441
4848775096.738299 0.726333
4848775097.744932 0.897411
4848775098.751565 0.723597
4848775099.758198 0.830540
4848775100.764832 0.832197
4848775101.771464 0.829474
4848775102.778097 0.833413
4848775105.797996 0.786776
4848775106.804629 0.851439
4848775107.811262 0.807979
4848775108.817895 0.829440
4848775109.824528 0.764336
4848775110.831161 0.784821
4848775111.837793 0.852308
4848775112.844427 0.829138
4848775113.851060 0.788064
4848775114.857693 0.808388
4848775115.864326 0.809980
4848775116.870958 0.873472
4848775117.877591 0.720605
4848775118.884224 0.745209
4848775119.890858 0.720957
4848775120.897491 0.742930
4848775121.904123 0.761967
4848775122.910756 0.593520
4848775123.917389 0.465327
4848775124.924022 0.570491
4848775125.930655 0.721092
4848775126.937288 0.549353
4848775127.943921 0.659100
4848775128.950554 0.445569
4848775129.957187 0.619136
4848775130.963820 0.787962
4848775131.970453 0.658533
4848775132.977086 0.426121
4848775133.983719 0.467041
4848775134.990352 0.661930
4848775135.996984 0.744554
4848775137.003617 0.727019
4848775138.010251 0.553662
4848775139.016884 0.599445
4848775140.023517 0.769033
4848775141.030149 0.856155
4848775142.036782 0.513819
4848775143.043415 0.941362
4848775144.050049 0.855511
4848775145.056682 0.832185
4848775146.063314 0.851994
4848775147.069947 0.789219
4848775148.076580 0.835628
4848775149.083213 0.877038
4848775150.089847 0.813652
4848775151.096479 0.834806
4848775152.103112 0.873939
4848775153.109745 0.621801
4848775154.116378 0.873401
4848775155.123011 0.831026
4848775156.129644 0.811416
4848775157.136277 0.811866
4848775158.142910 0.853996
4848775159.149543 0.808764
4848775160.156176 0.807774
4848775161.162808 0.873417
4848775162.169441 0.766618
4848775163.176075 0.718714
4848775164.182708 0.718192
4848775165.189341 0.571600
4848775166.195973 0.700679
4848775167.202606 0.590097
4848775168.209239 0.738571
4848775169.215873 0.609005
4848775170.222506 0.650583
4848775171.229138 0.543234
4848775172.235771 0.564449
4848775173.242404 0.696720
4848775174.249037 0.651547
4848775175.255671 0.655698
4848775176.262303 0.568041
4848775177.268936 0.587512
4848775178.275569 0.331571
4848775179.282202 0.524398
4848775180.288835 0.673917
4848775181.295468 0.463733
4848775182.302101 0.351101
4848775183.308734 0.309635
4848775184.315367 0.458323
4848775185.322000 0.434159
4848775186.328632 0.435158
4848775187.335266 0.588023
4848775188.341899 0.390623
4848775189.348532 0.564935
4848775190.355165 0.542752
4848775191.361797 0.415252
4848775192.368430 0.631345
4848775193.375064 0.584962
4848775194.381697 0.564575
4848775195.388330 0.518946
4848775196.394962 0.521254
