% Gain solution difference between files ~/WORK/AARTFAAC/Reobs/11Jul12/LBA_OUTER_BAND_SPREAD/full_conv_newconst/SB002_LBA_OUTER_SPREAD_1ch_1_convcalsol.bin and ~/WORK/AARTFAAC/Reobs/11Jul12/LBA_OUTER_BAND_SPREAD/full_track_newconst/SB002_LBA_OUTER_SPREAD_1ch_1_trackcalsol.bin
% Generated by cmpcalsol at 01-Dec-2013.
% Time (MJDsec) Relative_ph_err(rad)  Relative_amp_err(arbit).
4848774153.523215     0.0027     0.0139
4848774154.529849     0.0070     0.0151
4848774155.536482     0.0221     0.0163
4848774156.543115     0.0053     0.0084
4848774157.549747     0.0070     0.0071
4848774158.556380     0.0097     0.0053
4848774159.563013     0.0069     0.0040
4848774160.569647     0.0019     0.0066
4848774161.576280     0.0056     0.0053
4848774162.582912     0.0050     0.0036
4848774163.589545     0.0034     0.0112
4848774164.596178     0.0077     0.0050
4848774165.602811     0.0016     0.0050
4848774166.609445     0.0061     0.0112
4848774167.616077     0.0057     0.0080
4848774168.622710     0.0090     0.0114
4848774169.629343     0.0116     0.0085
4848774170.635976     0.0012     0.0048
4848774171.642609     0.0066     0.0071
4848774172.649242     0.0057     0.0197
4848774173.655875     0.0111     0.0052
4848774174.662508     0.0161     0.0035
4848774175.669141     0.0216     0.0112
4848774176.675774     0.0334     0.0087
4848774177.682406     0.0667     0.0157
4848774178.689040     0.0661     0.0222
4848774179.695673     0.0636     0.0087
4848774180.702306     0.0887     0.0081
4848774181.708939     0.0748     0.0112
4848774182.715571     0.0765     0.0057
4848774183.722204     0.0697     0.0068
4848774184.728838     0.0568     0.0044
4848774185.735471     0.0251     0.0064
4848774186.742104     0.0598     0.0041
4848774187.748736     0.0696     0.0141
4848774188.755369     0.0768     0.0188
4848774189.762002     0.0401     0.0210
4848774190.768636     0.0429     0.0128
4848774191.775269     0.0187     0.0093
4848774192.781901     0.0118     0.0195
4848774193.788534     0.0134     0.0127
4848774194.795167     0.0734     0.0071
4848774195.801800     0.0477     0.0098
4848774196.808433     0.0726     0.0054
4848774199.828332     0.0760     0.0089
4848774200.834965     0.0407     0.0062
4848774201.841598     0.0991     0.0087
4848774202.848230     0.1449     0.0118
4848774203.854864     0.1291     0.0137
4848774204.861497     0.1742     0.0062
4848774205.868130     0.1954     0.0086
4848774206.874763     0.2522     0.0112
4848774207.881395     0.1716     0.0092
4848774208.888028     0.1875     0.0083
4848774209.894662     0.1425     0.0111
4848774210.901295     0.2280     0.0087
4848774211.907928     0.1539     0.0100
4848774212.914560     0.2127     0.0104
4848774213.921193     0.2628     0.0175
4848774214.927826     0.2953     0.0166
4848774215.934460     0.3955     0.0213
4848774216.941092     0.3832     0.0158
4848774217.947725     0.3395     0.0315
4848774218.954358     0.3425     0.0121
4848774219.960991     0.3433     0.0200
4848774220.967624     0.2638     0.0161
4848774221.974257     0.3823     0.0259
4848774222.980890     0.3828     0.0082
4848774223.987523     0.2878     0.0112
4848774224.994156     0.2420     0.0067
4848774226.000789     0.3040     0.0145
4848774227.007421     0.3042     0.0099
4848774228.014055     0.3290     0.0064
4848774229.020688     0.2241     0.0076
4848774230.027321     0.2579     0.0143
4848774231.033954     0.2586     0.0172
4848774232.040586     0.2423     0.0182
4848774233.047219     0.1769     0.0127
4848774234.053853     0.1833     0.0131
4848774235.060486     0.1451     0.0093
4848774236.067119     0.2084     0.0188
4848774237.073751     0.2134     0.0178
4848774238.080384     0.2287     0.0187
4848774239.087017     0.2567     0.0043
4848774240.093650     0.3085     0.0100
4848774241.100284     0.2532     0.0082
4848774242.106916     0.2405     0.0061
4848774243.113549     0.1405     0.0059
4848774244.120182     0.1269     0.0071
4848774245.126815     0.0898     0.0198
4848774246.133448     0.0678     0.0118
4848774247.140081     0.0570     0.0236
4848774248.146714     0.1207     0.0143
4848774249.153347     0.0366     0.0074
4848774250.159980     0.0295     0.0100
4848774251.166613     0.0318     0.0113
4848774252.173245     0.0302     0.0067
4848774253.179879     0.0354     0.0221
4848774254.186512     0.0539     0.0073
4848774255.193145     0.0537     0.0104
4848774256.199778     0.0453     0.0175
4848774257.206410     0.0626     0.0103
4848774258.213043     0.0800     0.0120
4848774259.219677     0.0446     0.0083
4848774260.226310     0.0667     0.0037
4848774261.232943     0.0674     0.0112
4848774262.239575     0.0573     0.0103
4848774263.246208     0.0919     0.0212
4848774264.252841     0.0913     0.0307
4848774265.259475     0.0907     0.0178
4848774266.266108     0.0684     0.0155
4848774267.272740     0.1476     0.0129
4848774268.279373     0.1857     0.0063
4848774269.286006     0.1537     0.0088
4848774270.292639     0.1764     0.0110
4848774271.299273     0.1705     0.0149
4848774272.305905     0.1228     0.0226
4848774273.312538     0.1252     0.0156
4848774274.319171     0.1423     0.0152
4848774275.325804     0.1344     0.0127
4848774276.332437     0.1006     0.0064
4848774277.339069     0.1722     0.0177
4848774278.345703     0.1497     0.0087
4848774279.352336     0.1505     0.0318
4848774280.358969     0.1477     0.0174
4848774281.365602     0.1332     0.0216
4848774282.372234     0.1081     0.0263
4848774283.378867     0.0731     0.0312
4848774284.385501     0.1084     0.0339
4848774285.392134     0.0490     0.0443
4848774286.398767     0.0762     0.0324
4848774287.405399     0.0561     0.0182
4848774288.412032     0.0755     0.0256
4848774289.418665     0.0761     0.0193
4848774290.425299     0.0704     0.0436
4848774291.431931     0.1110     0.0127
4848774293.445197     0.1046     0.0204
4848774294.451830     0.1088     0.0116
4848774295.458463     0.1804     0.0174
4848774296.465096     0.1087     0.0092
4848774297.471729     0.1259     0.0087
4848774298.478362     0.1302     0.0192
4848774299.484995     0.1266     0.0082
4848774300.491628     0.1311     0.0063
4848774301.498260     0.1315     0.0038
4848774302.504894     0.1544     0.0079
4848774303.511527     0.1276     0.0171
4848774304.518160     0.1829     0.0260
4848774305.524793     0.1861     0.0359
4848774306.531425     0.1922     0.0263
4848774307.538058     0.2190     0.0208
4848774308.544692     0.2532     0.0184
4848774309.551325     0.1629     0.0166
4848774310.557958     0.1964     0.0075
4848774311.564590     0.1406     0.0066
4848774312.571223     0.1896     0.0118
4848774313.577856     0.1106     0.0094
4848774314.584490     0.1722     0.0149
4848774315.591123     0.0929     0.0103
4848774316.597755     0.0908     0.0105
4848774317.604388     0.1228     0.0078
4848774318.611021     0.0521     0.0107
4848774319.617654     0.0677     0.0146
4848774320.624287     0.0524     0.0241
4848774321.630920     0.0418     0.0261
4848774322.637553     0.0717     0.0172
4848774323.644186     0.1083     0.0127
4848774324.650819     0.0859     0.0188
4848774325.657452     0.1008     0.0229
4848774326.664084     0.1378     0.0414
4848774327.670718     0.1860     0.0276
4848774328.677351     0.1115     0.0338
4848774329.683984     0.1314     0.0037
4848774330.690617     0.1359     0.0169
4848774331.697249     0.1055     0.0102
4848774332.703882     0.1648     0.0253
4848774333.710516     0.1631     0.0211
4848774334.717149     0.1641     0.0227
4848774335.723782     0.2678     0.0202
4848774336.730414     0.1992     0.0086
4848774337.737047     0.2679     0.0084
4848774338.743680     0.3226     0.0068
4848774339.750314     0.3939     0.0088
4848774340.756947     0.4545     0.0098
4848774341.763579     0.4971     0.0067
4848774342.770212     0.3739     0.0300
4848774343.776845     0.3777     0.0129
4848774344.783478     0.3321     0.0105
4848774345.790112     0.4516     0.0080
4848774346.796744     0.4480     0.0091
4848774347.803377     0.3960     0.0076
4848774348.810010     0.3448     0.0079
4848774351.829909     0.2578     0.0227
4848774352.836542     0.2045     0.0104
4848774353.843175     0.2069     0.0060
4848774354.849808     0.2342     0.0060
4848774355.856441     0.1805     0.0079
4848774356.863073     0.1145     0.0062
4848774357.869707     0.1575     0.0123
4848774358.876340     0.1074     0.0131
4848774359.882973     0.1256     0.0334
4848774360.889606     0.0985     0.0154
4848774361.896238     0.0505     0.0098
4848774362.902871     0.0697     0.0144
4848774363.909504     0.0529     0.0047
4848774364.916138     0.0493     0.0066
4848774365.922771     0.0395     0.0126
4848774366.929403     0.0363     0.0031
4848774367.936036     0.0423     0.0082
4848774368.942669     0.0293     0.0362
4848774369.949302     0.0265     0.0151
4848774370.955935     0.0110     0.0130
4848774371.962568     0.0187     0.0054
4848774372.969201     0.0172     0.0131
4848774373.975834     0.0254     0.0072
4848774374.982467     0.0292     0.0144
4848774375.989100     0.0693     0.0093
4848774376.995733     0.0735     0.0079
4848774378.002366     0.0727     0.0129
4848774379.008999     0.0512     0.0057
4848774380.015632     0.0921     0.0077
4848774381.022264     0.0741     0.0129
4848774382.028897     0.0542     0.0072
4848774383.035531     0.0857     0.0086
4848774384.042164     0.0659     0.0100
4848774385.048797     0.0692     0.0119
4848774386.055429     0.0901     0.0210
4848774387.062062     0.0634     0.0160
4848774388.068695     0.0792     0.0103
4848774389.075329     0.0608     0.0102
4848774390.081962     0.0520     0.0066
4848774391.088594     0.0523     0.0158
4848774392.095227     0.0530     0.0260
4848774393.101860     0.0387     0.0149
4848774394.108493     0.0342     0.0169
4848774395.115127     0.0429     0.0122
4848774396.121759     0.0544     0.0112
4848774397.128392     0.0519     0.0186
4848774398.135025     0.0857     0.0190
4848774399.141658     0.0856     0.0133
4848774400.148291     0.0781     0.0025
4848774402.161557     0.0772     0.0161
4848774403.168190     0.0584     0.0109
4848774404.174823     0.0683     0.0089
4848774405.181456     0.0392     0.0071
4848774406.188088     0.0455     0.0065
4848774407.194721     0.0540     0.0095
4848774408.201355     0.0350     0.0069
4848774409.207988     0.0798     0.0184
4848774410.214621     0.0721     0.0113
4848774411.221253     0.1465     0.0088
4848774412.227886     0.1101     0.0113
4848774413.234519     0.1143     0.0125
4848774414.241153     0.1352     0.0158
4848774415.247786     0.0999     0.0074
4848774416.254418     0.2000     0.0148
4848774417.261051     0.1693     0.0057
4848774418.267684     0.2170     0.0057
4848774419.274317     0.1929     0.0109
4848774420.280951     0.2382     0.0088
4848774421.287583     0.2663     0.0077
4848774422.294216     0.2273     0.0120
4848774423.300849     0.1974     0.0202
4848774424.307482     0.2460     0.0108
4848774425.314115     0.1852     0.0108
4848774426.320748     0.2861     0.0127
4848774427.327381     0.2169     0.0127
4848774428.334014     0.2785     0.0213
4848774429.340647     0.3161     0.0134
4848774430.347280     0.4181     0.0177
4848774431.353912     0.5107     0.0166
4848774432.360546     0.4779     0.0077
4848774433.367179     0.5354     0.0090
4848774434.373812     0.5331     0.0105
4848774435.380445     0.5647     0.0106
4848774436.387077     0.6465     0.0149
4848774437.393710     0.7110     0.0214
4848774438.400344     0.7205     0.0153
4848774439.406977     0.8191     0.0037
4848774440.413610     0.6936     0.0074
4848774441.420242     0.7359     0.0256
4848774442.426875     0.6166     0.0087
4848774443.433508     0.5720     0.0254
4848774444.440141     0.7729     0.0121
4848774445.446774     0.7217     0.0136
4848774446.453407     0.8556     0.0045
4848774447.460040     0.8535     0.0127
4848774448.466673     0.8107     0.0140
4848774449.473306     0.9365     0.0177
4848774450.479939     0.9921     0.0165
4848774451.486572     1.1789     0.0142
4848774452.493205     1.2240     0.0057
4848774453.499838     1.1221     0.0078
4848774454.506471     1.1675     0.0046
4848774455.513103     1.1298     0.0114
4848774456.519736     1.0625     0.0063
4848774457.526370     1.1082     0.0132
4848774458.533003     1.1432     0.0206
4848774459.539636     1.3034     0.0221
4848774460.546268     1.2022     0.0081
4848774461.552901     1.3987     0.0213
4848774462.559534     1.3522     0.0226
4848774463.566168     1.5094     0.0232
4848774464.572801     1.4802     0.0251
4848774465.579433     1.5492     0.0146
4848774466.586066     1.6012     0.0102
4848774467.592699     1.5755     0.0115
4848774469.605966     1.5912     0.0784
4848774472.625864     1.1965     0.0304
4848774473.632497     1.4989     0.0055
4848774474.639130     1.6428     0.0158
4848774475.645763     1.4078     0.0146
4848774476.652396     1.5333     0.0098
4848774477.659029     1.1730     0.0122
4848774478.665662     1.2061     0.0051
4848774479.672295     0.8500     0.0084
4848774480.678927     0.6645     0.0171
4848774481.685561     0.7886     0.0137
4848774482.692194     0.5657     0.0104
4848774483.698827     0.5889     0.0106
4848774484.705460     0.4802     0.0165
4848774485.712092     0.4850     0.0213
0.000000     0.0000     0.0000
4848774487.725358     0.4318     0.0180
4848774488.731992     0.3884     0.0077
4848774489.738625     0.4102     0.0098
4848774490.745257     0.4589     0.0160
4848774491.751890     0.3653     0.0341
4848774492.758523     0.3791     0.0217
4848774493.765156     0.3632     0.0311
4848774494.771790     0.5587     0.0187
4848774495.778422     0.4323     0.0250
4848774496.785055     0.5176     0.0199
4848774497.791688     0.4859     0.0088
4848774498.798321     0.3469     0.0106
4848774499.804954     0.3406     0.0334
4848774500.811587     0.3133     0.0453
4848774501.818220     0.2390     0.0486
4848774502.824853     0.2641     0.0660
4848774503.831486     0.2613     0.0301
4848774504.838119     0.1372     0.0224
4848774505.844751     0.1372     0.0303
4848774506.851385     0.0894     0.0159
4848774507.858018     0.0688     0.0162
4848774508.864651     0.0879     0.0255
4848774509.871284     0.0959     0.0165
4848774510.877916     0.2156     0.0087
4848774511.884549     0.2544     0.0065
4848774512.891183     0.2974     0.0112
4848774513.897816     0.2727     0.0061
4848774514.904449     0.2477     0.0115
4848774515.911081     0.3544     0.0080
4848774516.917714     0.3295     0.0126
4848774517.924347     0.3061     0.0150
4848774518.930981     0.3326     0.0129
4848774519.937613     0.3943     0.0090
4848774520.944246     0.3639     0.0099
4848774521.950879     0.4334     0.0092
4848774522.957512     0.5184     0.0181
4848774523.964145     0.5537     0.0239
4848774524.970778     0.5953     0.0184
4848774525.977411     0.5695     0.0109
4848774526.984044     0.5784     0.0055
4848774527.990677     0.7926     0.0063
4848774528.997310     0.8760     0.0133
4848774532.017209     1.1053     0.0117
4848774533.023842     1.1136     0.0124
4848774534.030475     1.0027     0.0341
4848774535.037107     1.1606     0.0282
4848774536.043740     1.1595     0.0236
4848774537.050373     1.2106     0.0243
4848774538.057007     1.2849     0.0350
4848774539.063640     1.1305     0.0270
4848774540.070272     1.0838     0.0385
4848774541.076905     1.2922     0.0146
4848774542.083538     1.4158     0.0132
4848774543.090171     1.7335     0.0204
4848774544.096805     1.3915     0.0255
4848774545.103437     1.4081     0.0194
4848774546.110070     1.5991     0.0310
4848774547.116703     1.4236     0.0140
4848774548.123336     1.1044     0.0210
4848774549.129969     1.4096     0.0203
4848774550.136602     1.1997     0.0187
4848774551.143235     1.4154     0.0278
4848774552.149868     1.3663     0.0363
4848774553.156501     1.4044     0.0353
4848774554.163134     1.3673     0.0150
4848774555.169766     1.3547     0.0140
4848774556.176400     1.0398     0.0098
4848774557.183033     1.1163     0.0042
4848774558.189666     1.1507     0.0084
4848774559.196299     1.2528     0.0111
4848774560.202931     1.2052     0.0148
4848774561.209564     1.0231     0.0207
4848774562.216198     0.8283     0.0099
4848774563.222831     0.6640     0.0195
4848774564.229464     0.4925     0.0074
4848774565.236096     0.3090     0.0099
4848774566.242729     0.1974     0.0067
4848774567.249362     0.1585     0.0174
4848774568.255996     0.1230     0.0060
4848774569.262629     0.1127     0.0078
4848774570.269261     0.1023     0.0071
4848774571.275894     0.0929     0.0066
4848774572.282527     0.0329     0.0113
4848774573.289160     0.0267     0.0109
4848774574.295793     0.0101     0.0075
4848774575.302426     0.0345     0.0094
4848774576.309059     0.0342     0.0241
4848774577.315692     0.0388     0.0085
4848774578.322325     0.0460     0.0131
4848774579.328958     0.0355     0.0136
4848774580.335590     0.0166     0.0130
4848774581.342224     0.0197     0.0118
4848774582.348857     0.0348     0.0152
4848774583.355490     0.0246     0.0098
4848774584.362123     0.0325     0.0281
4848774585.368755     0.0458     0.0154
4848774586.375388     0.0335     0.0146
4848774587.382022     0.0343     0.0108
4848774588.388655     0.1088     0.0083
4848774589.395288     0.0938     0.0079
4848774590.401920     0.0660     0.0042
0.000000     0.0000     0.0000
0.000000     0.0000     0.0000
4848774593.421820     0.0481     0.0059
4848774594.428452     0.0342     0.0110
4848774595.435085     0.0500     0.0055
4848774596.441718     0.0334     0.0071
4848774597.448351     0.0186     0.0178
4848774598.454984     0.0538     0.0066
4848774599.461617     0.0253     0.0145
4848774600.468250     0.0663     0.0260
4848774601.474883     0.0487     0.0268
4848774602.481516     0.1040     0.0220
4848774603.488149     0.0812     0.0128
4848774604.494781     0.0675     0.0144
4848774605.501415     0.1194     0.0120
4848774606.508048     0.0872     0.0127
4848774607.514681     0.0930     0.0115
4848774608.521314     0.1390     0.0128
4848774609.527946     0.0792     0.0148
4848774610.534579     0.0905     0.0122
4848774611.541213     0.0858     0.0080
4848774612.547846     0.0802     0.0072
4848774613.554479     0.0758     0.0057
4848774614.561111     0.1328     0.0100
4848774615.567744     0.1070     0.0179
4848774616.574377     0.1083     0.0093
4848774617.581010     0.0908     0.0111
4848774618.587644     0.1881     0.0103
4848774619.594276     0.2238     0.0097
4848774620.600909     0.2262     0.0181
4848774621.607542     0.2116     0.0051
4848774622.614175     0.1738     0.0044
4848774623.620808     0.1278     0.0159
4848774624.627441     0.1205     0.0172
4848774625.634074     0.1342     0.0098
4848774626.640707     0.0987     0.0097
4848774627.647340     0.0922     0.0046
4848774628.653973     0.0969     0.0085
4848774629.660605     0.1124     0.0064
4848774630.667239     0.1254     0.0071
4848774631.673872     0.1230     0.0109
4848774632.680505     0.1462     0.0078
4848774633.687138     0.0880     0.0124
4848774634.693770     0.1002     0.0068
4848774635.700403     0.1071     0.0256
4848774636.707037     0.1077     0.0216
4848774637.713670     0.0936     0.0187
4848774638.720303     0.0631     0.0083
4848774639.726935     0.0504     0.0050
4848774640.733568     0.1122     0.0077
4848774641.740201     0.0817     0.0134
4848774642.746835     0.0885     0.0047
4848774643.753468     0.1354     0.0166
4848774644.760100     0.0842     0.0071
4848774645.766733     0.1259     0.0061
4848774646.773366     0.1310     0.0087
4848774647.779999     0.1439     0.0071
4848774648.786633     0.2634     0.0094
4848774649.793265     0.3286     0.0069
4848774650.799898     0.3519     0.0147
4848774651.806531     0.3580     0.0197
4848774652.813164     0.3540     0.0104
4848774653.819797     0.3547     0.0100
4848774654.826429     0.3110     0.0128
4848774655.833063     0.3813     0.0146
4848774656.839696     0.3261     0.0185
4848774657.846329     0.2635     0.0141
4848774658.852962     0.3443     0.0100
4848774659.859594     0.2273     0.0093
4848774660.866227     0.2381     0.0108
4848774661.872861     0.1614     0.0159
4848774662.879494     0.1117     0.0100
4848774663.886127     0.1430     0.0065
4848774664.892759     0.1382     0.0080
4848774665.899392     0.1290     0.0123
4848774666.906025     0.2047     0.0131
4848774667.912659     0.1990     0.0178
4848774668.919291     0.2343     0.0280
4848774669.925924     0.2276     0.0187
4848774670.932557     0.2914     0.0089
4848774671.939190     0.3742     0.0087
4848774672.945823     0.3290     0.0133
4848774673.952456     0.3673     0.0110
4848774674.959089     0.2930     0.0053
4848774675.965722     0.3288     0.0097
4848774676.972355     0.2687     0.0114
4848774677.978988     0.2938     0.0115
4848774680.998887     0.3882     0.0449
4848774682.005520     0.3903     0.0141
4848774683.012153     0.4470     0.0130
4848774684.018785     0.4463     0.0090
4848774685.025418     0.4431     0.0117
4848774686.032052     0.4951     0.0082
4848774687.038685     0.4386     0.0089
4848774688.045318     0.5065     0.0061
4848774689.051950     0.4725     0.0033
4848774690.058583     0.5486     0.0065
4848774691.065216     0.5705     0.0084
4848774692.071850     0.5247     0.0058
4848774693.078483     0.6551     0.0107
4848774694.085115     0.5018     0.0106
4848774695.091748     0.5827     0.0113
4848774696.098381     0.4700     0.0162
4848774697.105014     0.4284     0.0182
4848774698.111647     0.5468     0.0169
4848774699.118280     0.4577     0.0128
4848774700.124913     0.4827     0.0162
4848774701.131546     0.5168     0.0253
4848774702.138179     0.4867     0.0189
4848774703.144812     0.4054     0.0145
4848774704.151444     0.3134     0.0086
4848774705.158078     0.4859     0.0060
4848774706.164711     0.4689     0.0217
4848774707.171344     0.4898     0.0275
4848774708.177977     0.5536     0.0080
4848774709.184609     0.5732     0.0080
4848774710.191242     0.5241     0.0072
4848774712.204509     0.6153     0.0319
4848774713.211142     0.6169     0.0046
4848774714.217774     0.7132     0.0096
4848774715.224407     0.9336     0.0117
4848774716.231040     0.8900     0.0162
4848774717.237674     0.7530     0.0128
4848774718.244307     0.7503     0.0182
4848774719.250939     0.9336     0.0125
4848774720.257572     0.8069     0.0085
4848774721.264205     0.7828     0.0147
4848774722.270838     0.7666     0.0136
4848774723.277472     0.7615     0.0300
4848774724.284104     0.8519     0.0144
4848774725.290737     0.8624     0.0143
4848774726.297370     0.8014     0.0081
4848774727.304003     0.9378     0.0046
4848774728.310636     0.6735     0.0144
4848774729.317269     0.7867     0.0117
4848774730.323902     0.6755     0.0251
4848774731.330535     0.6819     0.0205
4848774732.337168     0.5386     0.0287
4848774733.343801     0.3928     0.0140
4848774734.350433     0.4210     0.0163
4848774735.357067     0.3893     0.0087
4848774736.363700     0.4178     0.0103
4848774737.370333     0.4061     0.0094
4848774738.376966     0.3784     0.0137
4848774739.383598     0.3841     0.0132
4848774740.390231     0.3932     0.0136
4848774741.396864     0.4656     0.0074
4848774742.403498     0.4650     0.0212
4848774743.410131     0.5387     0.0207
4848774744.416763     0.5560     0.0154
4848774745.423396     0.6669     0.0245
4848774746.430029     0.6664     0.0212
4848774747.436662     0.7066     0.0181
4848774748.443295     0.6020     0.0266
4848774749.449928     0.6744     0.0139
4848774750.456561     0.6210     0.0052
4848774751.463194     0.5146     0.0119
4848774752.469827     0.5153     0.0126
4848774753.476460     0.4929     0.0130
4848774754.483093     0.5670     0.0118
4848774755.489726     0.5680     0.0210
4848774756.496359     0.5566     0.0175
4848774757.502992     0.4340     0.0252
4848774758.509624     0.5288     0.0090
4848774759.516257     0.5766     0.0062
4848774760.522891     0.6478     0.0062
4848774761.529524     0.5648     0.0340
4848774762.536157     0.6740     0.0383
4848774763.542789     0.7726     0.0231
4848774764.549422     0.6511     0.0169
4848774765.556055     0.6483     0.0182
4848774766.562689     0.6320     0.0034
4848774767.569322     0.8312     0.0080
4848774768.575954     0.8770     0.0143
4848774769.582587     0.8390     0.0186
4848774770.589220     0.9522     0.0546
4848774771.595853     0.9451     0.0230
4848774772.602487     0.9216     0.0142
4848774773.609119     0.9500     0.0179
4848774774.615752     0.9863     0.0131
4848774775.622385     0.8815     0.0086
4848774776.629018     0.8161     0.0175
4848774777.635651     0.8992     0.0246
4848774778.642284     0.7124     0.0189
4848774779.648917     0.6455     0.0363
4848774780.655550     0.4246     0.0158
4848774781.662183     0.3566     0.0505
4848774782.668816     0.2337     0.0286
4848774783.675448     0.1384     0.0138
4848774784.682081     0.0913     0.0174
4848774785.688715     0.0759     0.0066
4848774786.695348     0.0782     0.0070
4848774787.701981     0.0573     0.0193
4848774788.708613     0.0510     0.0089
4848774789.715246     0.0529     0.0252
4848774790.721879     0.0624     0.0342
4848774791.728513     0.0533     0.0364
4848774792.735146     0.0750     0.0237
4848774793.741778     0.0481     0.0267
4848774794.748411     0.0697     0.0252
4848774795.755044     0.0526     0.0177
4848774796.761677     0.0596     0.0192
4848774797.768311     0.0677     0.0195
4848774798.774943     0.0597     0.0165
4848774799.781576     0.0467     0.0280
4848774800.788209     0.1150     0.0129
4848774801.794842     0.0847     0.0215
4848774802.801475     0.1039     0.0199
4848774803.808108     0.0959     0.0147
4848774804.814741     0.1453     0.0146
4848774805.821374     0.1477     0.0297
4848774806.828007     0.2599     0.0381
4848774807.834640     0.2431     0.0293
4848774808.841272     0.2855     0.0288
4848774809.847906     0.2609     0.0082
4848774810.854539     0.2354     0.0158
4848774811.861172     0.2653     0.0078
4848774812.867805     0.1792     0.0143
4848774813.874437     0.2004     0.0087
4848774814.881070     0.1863     0.0172
4848774815.887704     0.1317     0.0072
4848774816.894337     0.1593     0.0075
4848774817.900970     0.1152     0.0026
4848774818.907602     0.1232     0.0079
4848774819.914235     0.1217     0.0126
4848774820.920868     0.1133     0.0116
4848774821.927501     0.0957     0.0249
4848774822.934134     0.1034     0.0202
4848774823.940767     0.0831     0.0157
4848774824.947400     0.0899     0.0195
4848774825.954033     0.0856     0.0129
4848774826.960666     0.1222     0.0167
4848774827.967299     0.0591     0.0111
4848774828.973932     0.0798     0.0136
4848774829.980565     0.1001     0.0316
4848774830.987198     0.0000     0.0000
4848774831.993831     0.0049     0.0272
4848774833.000463     0.0073     0.0074
0.000000     0.0000     0.0000
4848774836.020363     0.0228     0.0671
4848774837.026996     0.0305     0.0146
4848774838.033628     0.0239     0.0070
4848774839.040261     0.0312     0.0058
4848774841.053528     0.0965     0.0156
4848774842.060161     0.0892     0.0343
4848774843.066793     0.1563     0.0176
4848774844.073426     0.1625     0.0135
4848774845.080059     0.2138     0.0052
4848774846.086692     0.2586     0.0121
4848774847.093326     0.2343     0.0860
4848774848.099958     0.2941     0.0576
4848774849.106591     0.3687     0.0177
4848774850.113224     0.4154     0.0180
4848774851.119857     0.4478     0.0162
4848774852.126490     0.4148     0.0167
4848774853.133123     0.3179     0.0105
4848774854.139756     0.2524     0.1103
4848774855.146389     0.1771     0.0759
4848774856.153022     0.2235     0.0175
4848774857.159655     0.2255     0.0082
4848774858.166287     0.3207     0.0068
4848774859.172921     0.2836     0.0196
4848774860.179554     0.2463     0.0360
4848774861.186187     0.2590     0.1362
4848774862.192820     0.0000     0.0000
4848774863.199452     0.0038     0.0246
4848774864.206085     0.0186     0.0127
4848774865.212718     0.0243     0.0165
4848774866.219352     0.0490     0.0111
4848774867.225985     0.0495     0.0078
4848774868.232617     0.0677     0.2657
4848774869.239250     0.0371     0.2115
4848774870.245883     0.0798     0.0346
4848774871.252516     0.0538     0.0185
4848774872.259150     0.0596     0.0091
4848774873.265782     0.0889     0.0140
4848774874.272415     0.0669     0.0088
4848774875.279048     0.0911     0.0084
4848774876.285681     0.0733     0.7911
4848774877.292314     0.0674     0.5816
4848774878.298947     0.0982     0.0449
4848774879.305580     0.1157     0.0403
4848774880.312213     0.1162     0.0166
4848774881.318846     0.1755     1.2129
4848774882.325479     0.1576     0.8260
4848774883.332111     0.1599     0.0328
4848774884.338745     0.1623     0.0121
4848774885.345378     0.2250     2.4469
0.000000     0.0000     0.0000
0.000000     0.0000     0.0000
4848774888.365276     0.0789     1.7214
4848774889.371909     0.2088     0.0715
4848774890.378543     0.2159     0.0082
4848774891.385176     0.1769     0.0151
4848774892.391809     0.1550     0.0063
4848774893.398441     0.1306     0.0089
4848774894.405074     0.2690     0.0109
4848774895.411707     0.2276     0.0156
4848774896.418341     0.2523     0.0169
4848774897.424973     0.2976     0.0124
4848774898.431606     0.3330     0.0143
4848774899.438239     0.3563     0.0100
4848774900.444872     0.3657     0.0115
4848774901.451505     0.4094     0.0121
4848774902.458138     0.4339     0.0146
4848774903.464771     0.4852     0.0191
4848774904.471404     0.4686     0.0139
4848774905.478037     0.5197     0.0094
4848774906.484670     0.4753     0.0078
4848774907.491302     0.4645     0.0132
4848774908.497935     0.5391     0.0098
4848774909.504569     0.5455     0.0231
4848774910.511202     0.6315     0.0205
4848774911.517835     0.6434     0.0127
4848774912.524467     0.5801     0.0095
4848774913.531100     0.6432     0.0121
4848774914.537733     0.6106     0.0209
4848774915.544367     0.6603     0.0236
4848774916.551000     0.4708     0.0339
4848774917.557632     0.6609     0.0216
4848774918.564265     0.7047     0.0236
4848774919.570898     0.6841     0.0205
4848774920.577531     0.6836     0.0080
4848774921.584165     0.7841     0.0091
4848774922.590797     0.6831     0.0154
4848774923.597430     0.7633     0.0086
4848774924.604063     0.6840     0.0060
4848774925.610696     0.6528     0.0145
4848774926.617329     0.6394     0.0075
4848774927.623962     0.7329     0.0102
4848774928.630595     0.8180     0.0082
4848774929.637228     0.7698     0.0076
4848774930.643861     1.0536     0.0082
4848774931.650494     1.0374     0.0073
4848774932.657126     1.0752     0.0056
4848774933.663760     1.0039     0.0078
4848774934.670393     1.1336     0.0100
4848774935.677026     1.1630     0.0069
4848774936.683659     1.1612     0.0038
4848774937.690291     1.1023     0.0080
4848774938.696924     0.9566     0.0202
4848774939.703558     0.9890     0.0072
4848774940.710191     1.0269     0.0077
4848774941.716824     0.8842     0.0135
4848774942.723456     0.7947     0.0076
4848774943.730089     0.6930     0.0078
4848774944.736722     0.7193     0.0065
4848774945.743356     0.6299     0.0138
4848774946.749989     0.7025     0.0087
4848774947.756621     0.6629     0.0093
4848774948.763254     0.6589     0.0091
4848774949.769887     0.9212     0.0087
4848774950.776520     0.7204     0.0043
4848774951.783153     0.6761     0.0091
4848774952.789786     0.9317     0.0040
4848774953.796419     0.7142     0.0166
4848774954.803052     0.7241     0.0131
4848774955.809685     0.8332     0.0095
4848774956.816318     0.8884     0.0076
4848774957.822950     0.9821     0.0208
4848774958.829584     0.9644     0.0124
4848774959.836217     0.9155     0.0121
4848774960.842850     0.9845     0.0049
4848774961.849483     0.8892     0.0056
4848774962.856115     0.9353     0.0075
4848774963.862748     0.9451     0.0064
4848774964.869382     0.8696     0.0049
4848774965.876015     0.9486     0.0075
4848774966.882648     0.9109     0.0096
4848774967.889280     0.8788     0.0154
4848774968.895913     0.9019     0.0150
4848774969.902546     0.7920     0.0050
4848774970.909180     0.7810     0.0122
4848774971.915812     0.7722     0.0154
4848774972.922445     0.6456     0.0060
4848774973.929078     0.6378     0.0059
4848774974.935711     0.5167     0.0055
4848774975.942344     0.5194     0.0161
4848774976.948977     0.5282     0.0174
4848774977.955610     0.5740     0.0082
4848774978.962243     0.7359     0.0083
0.000000     0.0000     0.0000
4848774981.982141     0.7583     0.0286
4848774982.988775     0.8019     0.0136
4848774983.995408     0.8575     0.0115
4848774985.002041     0.8698     0.0074
4848774986.008674     0.8444     0.0114
4848774987.015306     0.9745     0.0099
4848774989.028572     0.8371     0.0132
4848774990.035206     0.9306     0.0135
4848774991.041839     0.8754     0.0119
4848774992.048471     0.8418     0.0043
4848774993.055104     0.8468     0.0149
4848774994.061737     0.7100     0.0186
4848774995.068370     0.8395     0.0150
4848774996.075004     0.7184     0.0092
4848774997.081636     0.6739     0.0082
4848774998.088269     0.6912     0.0122
4848774999.094902     0.7765     0.0169
4848775000.101535     0.7741     0.0080
4848775001.108168     0.7307     0.0062
4848775002.114801     0.8345     0.0074
4848775003.121434     0.8891     0.0044
4848775004.128067     0.8511     0.0114
4848775005.134700     0.8977     0.0068
4848775006.141333     0.9735     0.0082
4848775007.147965     0.8178     0.0079
4848775008.154599     0.8094     0.0164
4848775009.161232     0.7775     0.0075
4848775010.167865     0.8808     0.0088
4848775011.174498     0.8299     0.0052
4848775012.181130     0.8626     0.0051
4848775013.187763     0.9654     0.0058
4848775014.194397     0.9639     0.0076
4848775015.201030     1.0094     0.0120
4848775016.207663     0.9195     0.0107
4848775017.214295     1.0121     0.0116
4848775018.220928     0.9477     0.0067
4848775019.227561     1.1227     0.0147
4848775020.234195     1.2440     0.0072
4848775021.240828     1.1256     0.0070
4848775022.247460     1.3092     0.0149
4848775023.254093     1.2322     0.0125
4848775024.260726     1.3457     0.0157
4848775025.267359     1.2986     0.0085
4848775026.273993     1.3919     0.0079
4848775027.280625     1.3314     0.0076
4848775028.287258     1.4824     0.0114
4848775029.293891     1.5298     0.0090
4848775030.300524     1.2024     0.0173
4848775031.307157     1.1836     0.0104
4848775032.313789     1.2091     0.0171
4848775033.320423     1.5038     0.0080
4848775034.327056     1.4833     0.0103
4848775035.333689     1.4153     0.0032
4848775036.340322     1.2613     0.0055
4848775037.346954     1.2601     0.0091
4848775038.353587     1.2855     0.0158
4848775039.360221     1.2557     0.0101
4848775040.366854     1.1263     0.0155
4848775041.373487     1.1249     0.0133
4848775042.380119     1.1788     0.0049
4848775043.386752     1.2716     0.0106
4848775044.393385     1.2653     0.0112
4848775045.400019     1.1972     0.0136
4848775046.406651     1.3561     0.0153
4848775047.413284     1.3434     0.0179
4848775048.419917     1.3689     0.0101
4848775049.426550     1.4320     0.0124
4848775050.433183     1.3522     0.0104
4848775051.439816     1.4839     0.0084
4848775052.446449     1.2709     0.0068
4848775053.453082     1.5119     0.0152
4848775054.459715     1.3669     0.0069
4848775055.466348     1.4290     0.0082
4848775056.472980     1.3459     0.0129
4848775057.479614     1.2720     0.0080
4848775058.486247     1.2349     0.0106
4848775059.492880     1.4429     0.0037
4848775060.499513     1.3222     0.0074
4848775061.506145     1.4110     0.0046
4848775062.512778     1.5729     0.0041
4848775063.519412     1.3986     0.0064
4848775064.526045     1.3534     0.0102
4848775065.532678     1.2105     0.0104
4848775066.539310     1.1932     0.0069
4848775067.545943     1.1570     0.0098
4848775068.552576     1.1981     0.0086
4848775069.559210     1.1635     0.0066
4848775070.565843     1.3661     0.0054
4848775071.572475     1.3217     0.0061
4848775072.579108     1.1474     0.0196
4848775073.585741     1.4109     0.0197
4848775074.592374     1.2181     0.0053
4848775075.599007     1.3553     0.0168
4848775076.605640     1.1076     0.0177
4848775077.612273     1.2736     0.0242
4848775078.618906     1.3581     0.0273
4848775079.625539     1.2272     0.0119
4848775080.632172     1.3968     0.0283
4848775081.638804     1.3391     0.0132
4848775082.645438     1.3991     0.0281
4848775083.652071     1.4478     0.0114
4848775084.658704     1.5688     0.0217
4848775085.665337     1.5188     0.0142
4848775086.671969     1.6448     0.0133
4848775087.678602     1.7089     0.0236
4848775088.685236     1.6195     0.0218
4848775089.691869     1.6331     0.0173
4848775090.698502     1.7781     0.0175
4848775091.705134     1.8232     0.0080
4848775092.711767     1.8926     0.0093
4848775093.718400     1.8642     0.0067
4848775094.725034     1.6978     0.0103
4848775095.731667     1.9094     0.0032
4848775096.738299     1.8759     0.0044
4848775097.744932     1.9269     0.0063
4848775098.751565     1.8238     0.0057
4848775099.758198     1.9010     0.0040
4848775100.764832     1.7756     0.0053
4848775101.771464     1.8297     0.0066
4848775102.778097     1.8955     0.0074
0.000000     0.0000     0.0000
4848775105.797996     1.7786     0.0084
4848775106.804629     1.8847     0.0175
4848775107.811262     1.7868     0.0055
4848775108.817895     1.7746     0.0215
4848775109.824528     1.6973     0.0125
4848775110.831161     1.6274     0.0172
4848775111.837793     1.7050     0.0172
4848775112.844427     1.7627     0.0284
4848775113.851060     1.6490     0.0206
4848775114.857693     1.5450     0.0247
4848775115.864326     1.7142     0.0256
4848775116.870958     1.6673     0.0421
4848775117.877591     1.5554     0.0348
4848775118.884224     1.5788     0.0344
4848775119.890858     1.5527     0.0399
4848775120.897491     1.4607     0.0266
4848775121.904123     1.4474     0.0463
4848775122.910756     1.4027     0.0253
4848775123.917389     1.4764     0.0244
4848775124.924022     1.4342     0.0201
4848775125.930655     1.5541     0.0171
4848775126.937288     1.4366     0.0108
4848775127.943921     1.4780     0.0127
4848775128.950554     1.4668     0.0110
4848775129.957187     1.6759     0.0155
4848775130.963820     1.5487     0.0080
4848775131.970453     1.6246     0.0407
4848775132.977086     1.6857     0.0136
4848775133.983719     1.6088     0.0098
4848775134.990352     1.7096     0.0118
4848775135.996984     1.7606     0.0100
4848775137.003617     1.7900     0.0106
4848775138.010251     1.7468     0.0107
4848775139.016884     1.8895     0.0159
4848775140.023517     2.0439     0.0238
4848775141.030149     1.9947     0.0101
4848775142.036782     1.8067     0.0083
4848775143.043415     2.0045     0.0169
4848775144.050049     1.9562     0.0059
4848775145.056682     2.0676     0.0063
4848775146.063314     1.9199     0.0074
4848775147.069947     2.0141     0.0090
4848775148.076580     2.0882     0.0071
4848775149.083213     2.0000     0.0051
4848775150.089847     1.9942     0.0039
4848775151.096479     2.0535     0.0034
4848775152.103112     2.0042     0.0096
4848775153.109745     2.0193     0.0057
4848775154.116378     1.9341     0.0103
4848775155.123011     1.9142     0.0057
4848775156.129644     1.8988     0.0110
4848775157.136277     1.8734     0.0099
4848775158.142910     1.7927     0.0127
4848775159.149543     1.6198     0.0119
4848775160.156176     1.7614     0.0053
4848775161.162808     1.5794     0.0096
4848775162.169441     1.5853     0.0144
4848775163.176075     1.3861     0.0040
4848775164.182708     1.3274     0.0073
4848775165.189341     1.3272     0.0064
4848775166.195973     1.4699     0.0085
4848775167.202606     1.1975     0.0091
4848775168.209239     1.2979     0.0173
4848775169.215873     1.0365     0.0173
4848775170.222506     1.0865     0.0261
4848775171.229138     1.0446     0.0180
4848775172.235771     1.0639     0.0201
4848775173.242404     1.1371     0.0144
4848775174.249037     1.1329     0.0105
4848775175.255671     1.2565     0.0120
4848775176.262303     1.1467     0.0089
4848775177.268936     1.1268     0.0069
4848775178.275569     1.1070     0.0067
4848775179.282202     1.0982     0.0124
4848775180.288835     1.0353     0.0051
4848775181.295468     1.2975     0.0065
4848775182.302101     1.0318     0.0142
4848775183.308734     1.0840     0.0099
4848775184.315367     1.0619     0.0064
4848775185.322000     0.9594     0.0147
4848775186.328632     1.0074     0.0150
4848775187.335266     1.0489     0.0159
4848775188.341899     0.9246     0.0206
4848775189.348532     1.1107     0.0139
4848775190.355165     1.0847     0.0130
4848775191.361797     1.0281     0.0073
4848775192.368430     1.1062     0.0125
4848775193.375064     1.0372     0.0071
4848775194.381697     0.9694     0.0057
4848775195.388330     0.9374     0.0057
4848775196.394962     1.0540     0.0077
